(kicad_pcb (version 20171130) (host pcbnew "(5.0.0-3-g5ebb6b6)")

  (general
    (thickness 1.6)
    (drawings 53)
    (tracks 584)
    (zones 0)
    (modules 45)
    (nets 31)
  )

  (page A4)
  (title_block
    (title "araBeat : ECG Module")
    (date 2018-11-17)
    (rev v0.1)
    (company www.aravinth.info)
  )

  (layers
    (0 F.Cu signal)
    (31 B.Cu signal)
    (32 B.Adhes user hide)
    (33 F.Adhes user hide)
    (34 B.Paste user)
    (35 F.Paste user)
    (36 B.SilkS user)
    (37 F.SilkS user)
    (38 B.Mask user hide)
    (39 F.Mask user hide)
    (40 Dwgs.User user hide)
    (41 Cmts.User user hide)
    (42 Eco1.User user hide)
    (43 Eco2.User user hide)
    (44 Edge.Cuts user)
    (45 Margin user hide)
    (46 B.CrtYd user hide)
    (47 F.CrtYd user hide)
    (48 B.Fab user hide)
    (49 F.Fab user hide)
  )

  (setup
    (last_trace_width 0.25)
    (user_trace_width 0.1524)
    (user_trace_width 0.2032)
    (trace_clearance 0.2)
    (zone_clearance 0.254)
    (zone_45_only no)
    (trace_min 0.1524)
    (segment_width 0.2)
    (edge_width 0.1)
    (via_size 0.8)
    (via_drill 0.4)
    (via_min_size 0.6)
    (via_min_drill 0.3)
    (uvia_size 0.3)
    (uvia_drill 0.1)
    (uvias_allowed no)
    (uvia_min_size 0.2)
    (uvia_min_drill 0.1)
    (pcb_text_width 0.3)
    (pcb_text_size 1.5 1.5)
    (mod_edge_width 0.15)
    (mod_text_size 1 1)
    (mod_text_width 0.15)
    (pad_size 1.5 1.5)
    (pad_drill 0.6)
    (pad_to_mask_clearance 0)
    (aux_axis_origin 123.571 80.0862)
    (visible_elements FFFFFF7F)
    (pcbplotparams
      (layerselection 0x010fc_ffffffff)
      (usegerberextensions false)
      (usegerberattributes false)
      (usegerberadvancedattributes false)
      (creategerberjobfile false)
      (excludeedgelayer true)
      (linewidth 0.100000)
      (plotframeref false)
      (viasonmask false)
      (mode 1)
      (useauxorigin false)
      (hpglpennumber 1)
      (hpglpenspeed 20)
      (hpglpendiameter 15.000000)
      (psnegative false)
      (psa4output false)
      (plotreference true)
      (plotvalue true)
      (plotinvisibletext false)
      (padsonsilk false)
      (subtractmaskfromsilk false)
      (outputformat 1)
      (mirror false)
      (drillshape 1)
      (scaleselection 1)
      (outputdirectory ""))
  )

  (net 0 "")
  (net 1 +5V)
  (net 2 GND)
  (net 3 "Net-(C2-Pad2)")
  (net 4 "Net-(C3-Pad1)")
  (net 5 +1V8)
  (net 6 "Net-(C5-Pad1)")
  (net 7 "Net-(C5-Pad2)")
  (net 8 "Net-(C8-Pad1)")
  (net 9 "Net-(C9-Pad1)")
  (net 10 GNDA)
  (net 11 +3V3)
  (net 12 "Net-(C15-Pad1)")
  (net 13 "Net-(C16-Pad1)")
  (net 14 "Net-(J1-Pad1)")
  (net 15 MISO_5V)
  (net 16 MOSI_5V)
  (net 17 SCLK_5V)
  (net 18 CSB_5V)
  (net 19 INTB_5V)
  (net 20 INT2B_5V)
  (net 21 "Net-(R5-Pad1)")
  (net 22 "Net-(R6-Pad1)")
  (net 23 "Net-(U1-Pad14)")
  (net 24 CSB_1.8V)
  (net 25 SCLK_1.8V)
  (net 26 MOSI_1.8V)
  (net 27 MISO_1.8V)
  (net 28 INT2B_1.8V)
  (net 29 INTB_1.8V)
  (net 30 "Net-(J1-Pad2)")

  (net_class Default "This is the default net class."
    (clearance 0.2)
    (trace_width 0.25)
    (via_dia 0.8)
    (via_drill 0.4)
    (uvia_dia 0.3)
    (uvia_drill 0.1)
  )

  (net_class PWR ""
    (clearance 0.2032)
    (trace_width 0.2032)
    (via_dia 0.6)
    (via_drill 0.3)
    (uvia_dia 0.3)
    (uvia_drill 0.1)
    (add_net +1V8)
    (add_net +3V3)
    (add_net +5V)
    (add_net GND)
    (add_net GNDA)
  )

  (net_class SIG ""
    (clearance 0.1524)
    (trace_width 0.1524)
    (via_dia 0.6)
    (via_drill 0.3)
    (uvia_dia 0.3)
    (uvia_drill 0.1)
    (add_net CSB_1.8V)
    (add_net CSB_5V)
    (add_net INT2B_1.8V)
    (add_net INT2B_5V)
    (add_net INTB_1.8V)
    (add_net INTB_5V)
    (add_net MISO_1.8V)
    (add_net MISO_5V)
    (add_net MOSI_1.8V)
    (add_net MOSI_5V)
    (add_net "Net-(C15-Pad1)")
    (add_net "Net-(C16-Pad1)")
    (add_net "Net-(C2-Pad2)")
    (add_net "Net-(C3-Pad1)")
    (add_net "Net-(C5-Pad1)")
    (add_net "Net-(C5-Pad2)")
    (add_net "Net-(C8-Pad1)")
    (add_net "Net-(C9-Pad1)")
    (add_net "Net-(J1-Pad1)")
    (add_net "Net-(J1-Pad2)")
    (add_net "Net-(R5-Pad1)")
    (add_net "Net-(R6-Pad1)")
    (add_net "Net-(U1-Pad14)")
    (add_net SCLK_1.8V)
    (add_net SCLK_5V)
  )

  (module TI:SOP65P640X120-20N (layer F.Cu) (tedit 5C15775A) (tstamp 5BFCA9C2)
    (at 151.3586 87.1728)
    (path /5BEC8E60)
    (attr smd)
    (fp_text reference U2 (at 0.0254 -4.3688) (layer F.SilkS)
      (effects (font (size 0.5 0.5) (thickness 0.05)))
    )
    (fp_text value "" (at 0.0254 -4.1148) (layer F.SilkS)
      (effects (font (size 0.5 0.5) (thickness 0.05)))
    )
    (fp_line (start -1.9304 3.302) (end 1.9304 3.302) (layer F.SilkS) (width 0.1524))
    (fp_line (start 1.9304 -3.302) (end 0.3048 -3.302) (layer F.SilkS) (width 0.1524))
    (fp_line (start 0.3048 -3.302) (end -0.3048 -3.302) (layer F.SilkS) (width 0.1524))
    (fp_line (start -0.3048 -3.302) (end -1.9304 -3.302) (layer F.SilkS) (width 0.1524))
    (fp_arc (start 0 -3.302) (end -0.3048 -3.302) (angle -180) (layer F.SilkS) (width 0))
    (fp_line (start -2.2606 -2.7686) (end -2.2606 -3.0734) (layer Dwgs.User) (width 0.1524))
    (fp_line (start -2.2606 -3.0734) (end -3.302 -3.0734) (layer Dwgs.User) (width 0.1524))
    (fp_line (start -3.302 -3.0734) (end -3.302 -2.7686) (layer Dwgs.User) (width 0.1524))
    (fp_line (start -3.302 -2.7686) (end -2.2606 -2.7686) (layer Dwgs.User) (width 0.1524))
    (fp_line (start -2.2606 -2.1336) (end -2.2606 -2.413) (layer Dwgs.User) (width 0.1524))
    (fp_line (start -2.2606 -2.413) (end -3.302 -2.413) (layer Dwgs.User) (width 0.1524))
    (fp_line (start -3.302 -2.413) (end -3.302 -2.1336) (layer Dwgs.User) (width 0.1524))
    (fp_line (start -3.302 -2.1336) (end -2.2606 -2.1336) (layer Dwgs.User) (width 0.1524))
    (fp_line (start -2.2606 -1.4732) (end -2.2606 -1.778) (layer Dwgs.User) (width 0.1524))
    (fp_line (start -2.2606 -1.778) (end -3.302 -1.778) (layer Dwgs.User) (width 0.1524))
    (fp_line (start -3.302 -1.778) (end -3.302 -1.4732) (layer Dwgs.User) (width 0.1524))
    (fp_line (start -3.302 -1.4732) (end -2.2606 -1.4732) (layer Dwgs.User) (width 0.1524))
    (fp_line (start -2.2606 -0.8128) (end -2.2606 -1.1176) (layer Dwgs.User) (width 0.1524))
    (fp_line (start -2.2606 -1.1176) (end -3.302 -1.1176) (layer Dwgs.User) (width 0.1524))
    (fp_line (start -3.302 -1.1176) (end -3.302 -0.8128) (layer Dwgs.User) (width 0.1524))
    (fp_line (start -3.302 -0.8128) (end -2.2606 -0.8128) (layer Dwgs.User) (width 0.1524))
    (fp_line (start -2.2606 -0.1778) (end -2.2606 -0.4826) (layer Dwgs.User) (width 0.1524))
    (fp_line (start -2.2606 -0.4826) (end -3.302 -0.4826) (layer Dwgs.User) (width 0.1524))
    (fp_line (start -3.302 -0.4826) (end -3.302 -0.1778) (layer Dwgs.User) (width 0.1524))
    (fp_line (start -3.302 -0.1778) (end -2.2606 -0.1778) (layer Dwgs.User) (width 0.1524))
    (fp_line (start -2.2606 0.4826) (end -2.2606 0.1778) (layer Dwgs.User) (width 0.1524))
    (fp_line (start -2.2606 0.1778) (end -3.302 0.1778) (layer Dwgs.User) (width 0.1524))
    (fp_line (start -3.302 0.1778) (end -3.302 0.4826) (layer Dwgs.User) (width 0.1524))
    (fp_line (start -3.302 0.4826) (end -2.2606 0.4826) (layer Dwgs.User) (width 0.1524))
    (fp_line (start -2.2606 1.1176) (end -2.2606 0.8128) (layer Dwgs.User) (width 0.1524))
    (fp_line (start -2.2606 0.8128) (end -3.302 0.8128) (layer Dwgs.User) (width 0.1524))
    (fp_line (start -3.302 0.8128) (end -3.302 1.1176) (layer Dwgs.User) (width 0.1524))
    (fp_line (start -3.302 1.1176) (end -2.2606 1.1176) (layer Dwgs.User) (width 0.1524))
    (fp_line (start -2.2606 1.778) (end -2.2606 1.4732) (layer Dwgs.User) (width 0.1524))
    (fp_line (start -2.2606 1.4732) (end -3.302 1.4732) (layer Dwgs.User) (width 0.1524))
    (fp_line (start -3.302 1.4732) (end -3.302 1.778) (layer Dwgs.User) (width 0.1524))
    (fp_line (start -3.302 1.778) (end -2.2606 1.778) (layer Dwgs.User) (width 0.1524))
    (fp_line (start -2.2606 2.413) (end -2.2606 2.1336) (layer Dwgs.User) (width 0.1524))
    (fp_line (start -2.2606 2.1336) (end -3.302 2.1336) (layer Dwgs.User) (width 0.1524))
    (fp_line (start -3.302 2.1336) (end -3.302 2.413) (layer Dwgs.User) (width 0.1524))
    (fp_line (start -3.302 2.413) (end -2.2606 2.413) (layer Dwgs.User) (width 0.1524))
    (fp_line (start -2.2606 3.0734) (end -2.2606 2.7686) (layer Dwgs.User) (width 0.1524))
    (fp_line (start -2.2606 2.7686) (end -3.302 2.7686) (layer Dwgs.User) (width 0.1524))
    (fp_line (start -3.302 2.7686) (end -3.302 3.0734) (layer Dwgs.User) (width 0.1524))
    (fp_line (start -3.302 3.0734) (end -2.2606 3.0734) (layer Dwgs.User) (width 0.1524))
    (fp_line (start 2.2606 2.7686) (end 2.2606 3.0734) (layer Dwgs.User) (width 0.1524))
    (fp_line (start 2.2606 3.0734) (end 3.302 3.0734) (layer Dwgs.User) (width 0.1524))
    (fp_line (start 3.302 3.0734) (end 3.302 2.7686) (layer Dwgs.User) (width 0.1524))
    (fp_line (start 3.302 2.7686) (end 2.2606 2.7686) (layer Dwgs.User) (width 0.1524))
    (fp_line (start 2.2606 2.1336) (end 2.2606 2.413) (layer Dwgs.User) (width 0.1524))
    (fp_line (start 2.2606 2.413) (end 3.302 2.413) (layer Dwgs.User) (width 0.1524))
    (fp_line (start 3.302 2.413) (end 3.302 2.1336) (layer Dwgs.User) (width 0.1524))
    (fp_line (start 3.302 2.1336) (end 2.2606 2.1336) (layer Dwgs.User) (width 0.1524))
    (fp_line (start 2.2606 1.4732) (end 2.2606 1.778) (layer Dwgs.User) (width 0.1524))
    (fp_line (start 2.2606 1.778) (end 3.302 1.778) (layer Dwgs.User) (width 0.1524))
    (fp_line (start 3.302 1.778) (end 3.302 1.4732) (layer Dwgs.User) (width 0.1524))
    (fp_line (start 3.302 1.4732) (end 2.2606 1.4732) (layer Dwgs.User) (width 0.1524))
    (fp_line (start 2.2606 0.8128) (end 2.2606 1.1176) (layer Dwgs.User) (width 0.1524))
    (fp_line (start 2.2606 1.1176) (end 3.302 1.1176) (layer Dwgs.User) (width 0.1524))
    (fp_line (start 3.302 1.1176) (end 3.302 0.8128) (layer Dwgs.User) (width 0.1524))
    (fp_line (start 3.302 0.8128) (end 2.2606 0.8128) (layer Dwgs.User) (width 0.1524))
    (fp_line (start 2.2606 0.1778) (end 2.2606 0.4826) (layer Dwgs.User) (width 0.1524))
    (fp_line (start 2.2606 0.4826) (end 3.302 0.4826) (layer Dwgs.User) (width 0.1524))
    (fp_line (start 3.302 0.4826) (end 3.302 0.1778) (layer Dwgs.User) (width 0.1524))
    (fp_line (start 3.302 0.1778) (end 2.2606 0.1778) (layer Dwgs.User) (width 0.1524))
    (fp_line (start 2.2606 -0.4826) (end 2.2606 -0.1778) (layer Dwgs.User) (width 0.1524))
    (fp_line (start 2.2606 -0.1778) (end 3.302 -0.1778) (layer Dwgs.User) (width 0.1524))
    (fp_line (start 3.302 -0.1778) (end 3.302 -0.4826) (layer Dwgs.User) (width 0.1524))
    (fp_line (start 3.302 -0.4826) (end 2.2606 -0.4826) (layer Dwgs.User) (width 0.1524))
    (fp_line (start 2.2606 -1.1176) (end 2.2606 -0.8128) (layer Dwgs.User) (width 0.1524))
    (fp_line (start 2.2606 -0.8128) (end 3.302 -0.8128) (layer Dwgs.User) (width 0.1524))
    (fp_line (start 3.302 -0.8128) (end 3.302 -1.1176) (layer Dwgs.User) (width 0.1524))
    (fp_line (start 3.302 -1.1176) (end 2.2606 -1.1176) (layer Dwgs.User) (width 0.1524))
    (fp_line (start 2.2606 -1.778) (end 2.2606 -1.4732) (layer Dwgs.User) (width 0.1524))
    (fp_line (start 2.2606 -1.4732) (end 3.302 -1.4732) (layer Dwgs.User) (width 0.1524))
    (fp_line (start 3.302 -1.4732) (end 3.302 -1.778) (layer Dwgs.User) (width 0.1524))
    (fp_line (start 3.302 -1.778) (end 2.2606 -1.778) (layer Dwgs.User) (width 0.1524))
    (fp_line (start 2.2606 -2.413) (end 2.2606 -2.1336) (layer Dwgs.User) (width 0.1524))
    (fp_line (start 2.2606 -2.1336) (end 3.302 -2.1336) (layer Dwgs.User) (width 0.1524))
    (fp_line (start 3.302 -2.1336) (end 3.302 -2.413) (layer Dwgs.User) (width 0.1524))
    (fp_line (start 3.302 -2.413) (end 2.2606 -2.413) (layer Dwgs.User) (width 0.1524))
    (fp_line (start 2.2606 -3.0734) (end 2.2606 -2.7686) (layer Dwgs.User) (width 0.1524))
    (fp_line (start 2.2606 -2.7686) (end 3.302 -2.7686) (layer Dwgs.User) (width 0.1524))
    (fp_line (start 3.302 -2.7686) (end 3.302 -3.0734) (layer Dwgs.User) (width 0.1524))
    (fp_line (start 3.302 -3.0734) (end 2.2606 -3.0734) (layer Dwgs.User) (width 0.1524))
    (fp_line (start -2.2606 3.302) (end 2.2606 3.302) (layer Dwgs.User) (width 0.1524))
    (fp_line (start 2.2606 3.302) (end 2.2606 -3.302) (layer Dwgs.User) (width 0.1524))
    (fp_line (start 2.2606 -3.302) (end 0.3048 -3.302) (layer Dwgs.User) (width 0.1524))
    (fp_line (start 0.3048 -3.302) (end -0.3048 -3.302) (layer Dwgs.User) (width 0.1524))
    (fp_line (start -0.3048 -3.302) (end -2.2606 -3.302) (layer Dwgs.User) (width 0.1524))
    (fp_line (start -2.2606 -3.302) (end -2.2606 3.302) (layer Dwgs.User) (width 0.1524))
    (fp_arc (start 0 -3.302) (end -0.3048 -3.302) (angle -180) (layer Dwgs.User) (width 0))
    (pad 1 smd rect (at -2.921 -2.921) (size 1.4732 0.3556) (layers F.Cu F.Paste F.Mask)
      (net 27 MISO_1.8V))
    (pad 2 smd rect (at -2.921 -2.286) (size 1.4732 0.3556) (layers F.Cu F.Paste F.Mask)
      (net 5 +1V8))
    (pad 3 smd rect (at -2.921 -1.6256) (size 1.4732 0.3556) (layers F.Cu F.Paste F.Mask)
      (net 26 MOSI_1.8V))
    (pad 4 smd rect (at -2.921 -0.9652) (size 1.4732 0.3556) (layers F.Cu F.Paste F.Mask)
      (net 25 SCLK_1.8V))
    (pad 5 smd rect (at -2.921 -0.3302) (size 1.4732 0.3556) (layers F.Cu F.Paste F.Mask)
      (net 24 CSB_1.8V))
    (pad 6 smd rect (at -2.921 0.3302) (size 1.4732 0.3556) (layers F.Cu F.Paste F.Mask)
      (net 29 INTB_1.8V))
    (pad 7 smd rect (at -2.921 0.9652) (size 1.4732 0.3556) (layers F.Cu F.Paste F.Mask)
      (net 28 INT2B_1.8V))
    (pad 8 smd rect (at -2.921 1.6256) (size 1.4732 0.3556) (layers F.Cu F.Paste F.Mask))
    (pad 9 smd rect (at -2.921 2.286) (size 1.4732 0.3556) (layers F.Cu F.Paste F.Mask))
    (pad 10 smd rect (at -2.921 2.921) (size 1.4732 0.3556) (layers F.Cu F.Paste F.Mask)
      (net 22 "Net-(R6-Pad1)"))
    (pad 11 smd rect (at 2.921 2.921) (size 1.4732 0.3556) (layers F.Cu F.Paste F.Mask)
      (net 2 GND))
    (pad 12 smd rect (at 2.921 2.286) (size 1.4732 0.3556) (layers F.Cu F.Paste F.Mask))
    (pad 13 smd rect (at 2.921 1.6256) (size 1.4732 0.3556) (layers F.Cu F.Paste F.Mask))
    (pad 14 smd rect (at 2.921 0.9652) (size 1.4732 0.3556) (layers F.Cu F.Paste F.Mask)
      (net 20 INT2B_5V))
    (pad 15 smd rect (at 2.921 0.3302) (size 1.4732 0.3556) (layers F.Cu F.Paste F.Mask)
      (net 19 INTB_5V))
    (pad 16 smd rect (at 2.921 -0.3302) (size 1.4732 0.3556) (layers F.Cu F.Paste F.Mask)
      (net 18 CSB_5V))
    (pad 17 smd rect (at 2.921 -0.9652) (size 1.4732 0.3556) (layers F.Cu F.Paste F.Mask)
      (net 17 SCLK_5V))
    (pad 18 smd rect (at 2.921 -1.6256) (size 1.4732 0.3556) (layers F.Cu F.Paste F.Mask)
      (net 16 MOSI_5V))
    (pad 19 smd rect (at 2.921 -2.286) (size 1.4732 0.3556) (layers F.Cu F.Paste F.Mask)
      (net 1 +5V))
    (pad 20 smd rect (at 2.921 -2.921) (size 1.4732 0.3556) (layers F.Cu F.Paste F.Mask)
      (net 15 MISO_5V))
  )

  (module Resistor_SMD:R_0603_1608Metric_Pad1.05x0.95mm_HandSolder (layer F.Cu) (tedit 5BF09934) (tstamp 5BFCA83E)
    (at 155.5864 102.616)
    (descr "Resistor SMD 0603 (1608 Metric), square (rectangular) end terminal, IPC_7351 nominal with elongated pad for handsoldering. (Body size source: http://www.tortai-tech.com/upload/download/2011102023233369053.pdf), generated with kicad-footprint-generator")
    (tags "resistor handsolder")
    (path /5BEC6DB9)
    (attr smd)
    (fp_text reference R4 (at 2.286 0 90) (layer F.SilkS)
      (effects (font (size 0.5 0.5) (thickness 0.125)))
    )
    (fp_text value 0R (at 0 1.43) (layer F.Fab)
      (effects (font (size 1 1) (thickness 0.15)))
    )
    (fp_line (start -0.8 0.4) (end -0.8 -0.4) (layer F.Fab) (width 0.1))
    (fp_line (start -0.8 -0.4) (end 0.8 -0.4) (layer F.Fab) (width 0.1))
    (fp_line (start 0.8 -0.4) (end 0.8 0.4) (layer F.Fab) (width 0.1))
    (fp_line (start 0.8 0.4) (end -0.8 0.4) (layer F.Fab) (width 0.1))
    (fp_line (start -0.171267 -0.51) (end 0.171267 -0.51) (layer F.SilkS) (width 0.12))
    (fp_line (start -0.171267 0.51) (end 0.171267 0.51) (layer F.SilkS) (width 0.12))
    (fp_line (start -1.65 0.73) (end -1.65 -0.73) (layer F.CrtYd) (width 0.05))
    (fp_line (start -1.65 -0.73) (end 1.65 -0.73) (layer F.CrtYd) (width 0.05))
    (fp_line (start 1.65 -0.73) (end 1.65 0.73) (layer F.CrtYd) (width 0.05))
    (fp_line (start 1.65 0.73) (end -1.65 0.73) (layer F.CrtYd) (width 0.05))
    (fp_text user %R (at 0 0) (layer F.Fab)
      (effects (font (size 0.4 0.4) (thickness 0.06)))
    )
    (pad 1 smd roundrect (at -0.875 0) (size 1.05 0.95) (layers F.Cu F.Paste F.Mask) (roundrect_rratio 0.25)
      (net 10 GNDA))
    (pad 2 smd roundrect (at 0.875 0) (size 1.05 0.95) (layers F.Cu F.Paste F.Mask) (roundrect_rratio 0.25)
      (net 2 GND))
    (model ${KISYS3DMOD}/Resistor_SMD.3dshapes/R_0603_1608Metric.wrl
      (at (xyz 0 0 0))
      (scale (xyz 1 1 1))
      (rotate (xyz 0 0 0))
    )
  )

  (module MountingHole:MountingHole_3.2mm_M3 locked (layer F.Cu) (tedit 5BF07C24) (tstamp 5C157A0B)
    (at 123.571 80.0862)
    (descr "Mounting Hole 3.2mm, no annular, M3")
    (tags "mounting hole 3.2mm no annular m3")
    (attr virtual)
    (fp_text reference "" (at 0 -4.2) (layer F.SilkS)
      (effects (font (size 1 1) (thickness 0.15)))
    )
    (fp_text value M3 (at 0 4.2) (layer F.Fab)
      (effects (font (size 1 1) (thickness 0.15)))
    )
    (fp_circle (center 0 0) (end 3.45 0) (layer F.CrtYd) (width 0.05))
    (fp_circle (center 0 0) (end 3.2 0) (layer Cmts.User) (width 0.15))
    (fp_text user %R (at 0.3 0) (layer F.Fab)
      (effects (font (size 1 1) (thickness 0.15)))
    )
    (pad 1 np_thru_hole circle (at 0 0) (size 3.2 3.2) (drill 3.2) (layers *.Cu *.Mask))
  )

  (module MountingHole:MountingHole_3.2mm_M3 locked (layer F.Cu) (tedit 5BF07C27) (tstamp 5C082E54)
    (at 173.609 130.0734)
    (descr "Mounting Hole 3.2mm, no annular, M3")
    (tags "mounting hole 3.2mm no annular m3")
    (attr virtual)
    (fp_text reference "" (at 0 -4.2) (layer F.SilkS)
      (effects (font (size 1 1) (thickness 0.15)))
    )
    (fp_text value M3 (at 0 4.2) (layer F.Fab)
      (effects (font (size 1 1) (thickness 0.15)))
    )
    (fp_text user %R (at 0.3 0) (layer F.Fab)
      (effects (font (size 1 1) (thickness 0.15)))
    )
    (fp_circle (center 0 0) (end 3.2 0) (layer Cmts.User) (width 0.15))
    (fp_circle (center 0 0) (end 3.45 0) (layer F.CrtYd) (width 0.05))
    (pad 1 np_thru_hole circle (at 0 0) (size 3.2 3.2) (drill 3.2) (layers *.Cu *.Mask))
  )

  (module MountingHole:MountingHole_3.2mm_M3 locked (layer F.Cu) (tedit 5BF07C1E) (tstamp 5C082E46)
    (at 123.571 130.0988)
    (descr "Mounting Hole 3.2mm, no annular, M3")
    (tags "mounting hole 3.2mm no annular m3")
    (attr virtual)
    (fp_text reference "" (at 0 -4.2) (layer F.SilkS)
      (effects (font (size 1 1) (thickness 0.15)))
    )
    (fp_text value M3 (at 0 4.2) (layer F.Fab)
      (effects (font (size 1 1) (thickness 0.15)))
    )
    (fp_circle (center 0 0) (end 3.45 0) (layer F.CrtYd) (width 0.05))
    (fp_circle (center 0 0) (end 3.2 0) (layer Cmts.User) (width 0.15))
    (fp_text user %R (at 0.3 0) (layer F.Fab)
      (effects (font (size 1 1) (thickness 0.15)))
    )
    (pad 1 np_thru_hole circle (at 0 0) (size 3.2 3.2) (drill 3.2) (layers *.Cu *.Mask))
  )

  (module MountingHole:MountingHole_3.2mm_M3 locked (layer F.Cu) (tedit 5BF07C24) (tstamp 5C082E38)
    (at 173.5328 80.0608)
    (descr "Mounting Hole 3.2mm, no annular, M3")
    (tags "mounting hole 3.2mm no annular m3")
    (attr virtual)
    (fp_text reference "" (at 0 -4.2) (layer F.SilkS)
      (effects (font (size 1 1) (thickness 0.15)))
    )
    (fp_text value M3 (at 0 4.2) (layer F.Fab)
      (effects (font (size 1 1) (thickness 0.15)))
    )
    (fp_text user %R (at 0.3 0) (layer F.Fab)
      (effects (font (size 1 1) (thickness 0.15)))
    )
    (fp_circle (center 0 0) (end 3.2 0) (layer Cmts.User) (width 0.15))
    (fp_circle (center 0 0) (end 3.45 0) (layer F.CrtYd) (width 0.05))
    (pad 1 np_thru_hole circle (at 0 0) (size 3.2 3.2) (drill 3.2) (layers *.Cu *.Mask))
  )

  (module ECG-MODULE:marker locked (layer F.Cu) (tedit 5BF079F5) (tstamp 5C083B1C)
    (at 119.544876 76.057325)
    (fp_text reference "" (at 0 4.8768) (layer F.SilkS)
      (effects (font (size 1 1) (thickness 0.15)))
    )
    (fp_text value "" (at 0 -2.8702) (layer F.Fab)
      (effects (font (size 1 1) (thickness 0.15)))
    )
    (fp_line (start 53.26019 58.0353) (end 54.860222 58.0353) (layer Dwgs.User) (width 0.2))
    (fp_line (start 50.060215 54.835325) (end 53.26019 58.0353) (layer Dwgs.User) (width 0.2))
    (fp_line (start 50.060215 54.035311) (end 50.060215 54.835325) (layer Dwgs.User) (width 0.2))
    (fp_line (start 8.060213 54.035311) (end 50.060215 54.035311) (layer Dwgs.User) (width 0.2))
    (fp_line (start 8.060213 54.835325) (end 8.060213 54.035311) (layer Dwgs.User) (width 0.2))
    (fp_line (start 8.035323 4.035325) (end 8.035323 3.235309) (layer Dwgs.User) (width 0.2))
    (fp_line (start 58.060197 4.835255) (end 58.060197 3.235309) (layer Dwgs.User) (width 0.2))
    (fp_line (start 54.860222 8.035316) (end 58.060197 4.835255) (layer Dwgs.User) (width 0.2))
    (fp_line (start 54.060209 8.035316) (end 54.860222 8.035316) (layer Dwgs.User) (width 0.2))
    (fp_line (start 2.56019 54.035281) (end 5.560195 54.035281) (layer Dwgs.User) (width 0.2))
    (fp_line (start 4.060193 52.535277) (end 4.060193 55.535282) (layer Dwgs.User) (width 0.2))
    (fp_line (start 52.560174 54.035281) (end 55.56018 54.035281) (layer Dwgs.User) (width 0.2))
    (fp_line (start 54.060178 52.535277) (end 54.060178 55.535282) (layer Dwgs.User) (width 0.2))
    (fp_line (start 52.560174 4.035296) (end 55.56018 4.035296) (layer Dwgs.User) (width 0.2))
    (fp_line (start 54.060178 2.535292) (end 54.060178 5.535298) (layer Dwgs.User) (width 0.2))
    (fp_line (start 2.56019 4.035296) (end 5.560195 4.035296) (layer Dwgs.User) (width 0.2))
    (fp_line (start 4.060193 2.535292) (end 4.060193 5.535298) (layer Dwgs.User) (width 0.2))
    (fp_line (start 0.060142 29.035315) (end 58.060247 29.035315) (layer Dwgs.User) (width 0.2))
    (fp_line (start 53.26019 0.035248) (end 50.060215 3.235309) (layer Dwgs.User) (width 0.2))
    (fp_line (start 54.860222 0.035248) (end 53.26019 0.035248) (layer Dwgs.User) (width 0.2))
    (fp_line (start 58.060197 3.235309) (end 54.860222 0.035248) (layer Dwgs.User) (width 0.2))
    (fp_line (start 8.035323 3.235309) (end 4.83526 0.035248) (layer Dwgs.User) (width 0.2))
    (fp_line (start 29.060212 0.035244) (end 29.060212 58.03535) (layer Dwgs.User) (width 0.2))
    (fp_line (start 50.060215 4.035325) (end 8.035323 4.035325) (layer Dwgs.User) (width 0.2))
    (fp_line (start 50.060215 3.235309) (end 50.060215 4.035325) (layer Dwgs.User) (width 0.2))
    (fp_line (start 3.235314 8.035316) (end 4.060222 8.035316) (layer Dwgs.User) (width 0.2))
    (fp_line (start 0.035253 4.835255) (end 3.235314 8.035316) (layer Dwgs.User) (width 0.2))
    (fp_line (start 4.83526 0.035248) (end 3.235314 0.035248) (layer Dwgs.User) (width 0.2))
    (fp_line (start 54.060209 50.035318) (end 54.060209 8.035316) (layer Dwgs.User) (width 0.2))
    (fp_line (start 54.860222 50.035318) (end 54.060209 50.035318) (layer Dwgs.User) (width 0.2))
    (fp_line (start 58.060197 53.235293) (end 54.860222 50.035318) (layer Dwgs.User) (width 0.2))
    (fp_line (start 58.060197 54.835325) (end 58.060197 53.235293) (layer Dwgs.User) (width 0.2))
    (fp_line (start 54.860222 58.0353) (end 58.060197 54.835325) (layer Dwgs.User) (width 0.2))
    (fp_line (start 0.060146 53.235293) (end 0.060146 54.835325) (layer Dwgs.User) (width 0.2))
    (fp_line (start 3.260206 50.035318) (end 0.060146 53.235293) (layer Dwgs.User) (width 0.2))
    (fp_line (start 4.060222 50.035318) (end 3.260206 50.035318) (layer Dwgs.User) (width 0.2))
    (fp_line (start 4.060222 8.035316) (end 4.060222 50.035318) (layer Dwgs.User) (width 0.2))
    (fp_line (start 4.860152 58.0353) (end 8.060213 54.835325) (layer Dwgs.User) (width 0.2))
    (fp_line (start 3.260206 58.0353) (end 4.860152 58.0353) (layer Dwgs.User) (width 0.2))
    (fp_line (start 0.060146 54.835325) (end 3.260206 58.0353) (layer Dwgs.User) (width 0.2))
    (fp_line (start 0.035253 3.235309) (end 0.035253 4.835255) (layer Dwgs.User) (width 0.2))
    (fp_line (start 3.235314 0.035248) (end 0.035253 3.235309) (layer Dwgs.User) (width 0.2))
  )

  (module Capacitor_SMD:C_0603_1608Metric_Pad1.05x0.95mm_HandSolder (layer F.Cu) (tedit 5BF09456) (tstamp 5BFCA6A9)
    (at 155.702 94.996 180)
    (descr "Capacitor SMD 0603 (1608 Metric), square (rectangular) end terminal, IPC_7351 nominal with elongated pad for handsoldering. (Body size source: http://www.tortai-tech.com/upload/download/2011102023233369053.pdf), generated with kicad-footprint-generator")
    (tags "capacitor handsolder")
    (path /5BEE5487)
    (attr smd)
    (fp_text reference C1 (at 2.286 0 270) (layer F.SilkS)
      (effects (font (size 0.5 0.5) (thickness 0.125)))
    )
    (fp_text value 1uF (at 0 1.43 180) (layer F.Fab)
      (effects (font (size 1 1) (thickness 0.15)))
    )
    (fp_line (start -0.8 0.4) (end -0.8 -0.4) (layer F.Fab) (width 0.1))
    (fp_line (start -0.8 -0.4) (end 0.8 -0.4) (layer F.Fab) (width 0.1))
    (fp_line (start 0.8 -0.4) (end 0.8 0.4) (layer F.Fab) (width 0.1))
    (fp_line (start 0.8 0.4) (end -0.8 0.4) (layer F.Fab) (width 0.1))
    (fp_line (start -0.171267 -0.51) (end 0.171267 -0.51) (layer F.SilkS) (width 0.12))
    (fp_line (start -0.171267 0.51) (end 0.171267 0.51) (layer F.SilkS) (width 0.12))
    (fp_line (start -1.65 0.73) (end -1.65 -0.73) (layer F.CrtYd) (width 0.05))
    (fp_line (start -1.65 -0.73) (end 1.65 -0.73) (layer F.CrtYd) (width 0.05))
    (fp_line (start 1.65 -0.73) (end 1.65 0.73) (layer F.CrtYd) (width 0.05))
    (fp_line (start 1.65 0.73) (end -1.65 0.73) (layer F.CrtYd) (width 0.05))
    (fp_text user %R (at 0 0 180) (layer F.Fab)
      (effects (font (size 0.4 0.4) (thickness 0.06)))
    )
    (pad 1 smd roundrect (at -0.875 0 180) (size 1.05 0.95) (layers F.Cu F.Paste F.Mask) (roundrect_rratio 0.25)
      (net 1 +5V))
    (pad 2 smd roundrect (at 0.875 0 180) (size 1.05 0.95) (layers F.Cu F.Paste F.Mask) (roundrect_rratio 0.25)
      (net 2 GND))
    (model ${KISYS3DMOD}/Capacitor_SMD.3dshapes/C_0603_1608Metric.wrl
      (at (xyz 0 0 0))
      (scale (xyz 1 1 1))
      (rotate (xyz 0 0 0))
    )
  )

  (module Capacitor_SMD:C_0603_1608Metric_Pad1.05x0.95mm_HandSolder (layer F.Cu) (tedit 5BF09715) (tstamp 5BFCA6BA)
    (at 137.668 104.902)
    (descr "Capacitor SMD 0603 (1608 Metric), square (rectangular) end terminal, IPC_7351 nominal with elongated pad for handsoldering. (Body size source: http://www.tortai-tech.com/upload/download/2011102023233369053.pdf), generated with kicad-footprint-generator")
    (tags "capacitor handsolder")
    (path /5BF5D2A4)
    (attr smd)
    (fp_text reference C2 (at -2.286 0 90) (layer F.SilkS)
      (effects (font (size 0.5 0.5) (thickness 0.125)))
    )
    (fp_text value 10pF (at 0 1.43) (layer F.Fab)
      (effects (font (size 1 1) (thickness 0.15)))
    )
    (fp_text user %R (at 0 0) (layer F.Fab)
      (effects (font (size 0.4 0.4) (thickness 0.06)))
    )
    (fp_line (start 1.65 0.73) (end -1.65 0.73) (layer F.CrtYd) (width 0.05))
    (fp_line (start 1.65 -0.73) (end 1.65 0.73) (layer F.CrtYd) (width 0.05))
    (fp_line (start -1.65 -0.73) (end 1.65 -0.73) (layer F.CrtYd) (width 0.05))
    (fp_line (start -1.65 0.73) (end -1.65 -0.73) (layer F.CrtYd) (width 0.05))
    (fp_line (start -0.171267 0.51) (end 0.171267 0.51) (layer F.SilkS) (width 0.12))
    (fp_line (start -0.171267 -0.51) (end 0.171267 -0.51) (layer F.SilkS) (width 0.12))
    (fp_line (start 0.8 0.4) (end -0.8 0.4) (layer F.Fab) (width 0.1))
    (fp_line (start 0.8 -0.4) (end 0.8 0.4) (layer F.Fab) (width 0.1))
    (fp_line (start -0.8 -0.4) (end 0.8 -0.4) (layer F.Fab) (width 0.1))
    (fp_line (start -0.8 0.4) (end -0.8 -0.4) (layer F.Fab) (width 0.1))
    (pad 2 smd roundrect (at 0.875 0) (size 1.05 0.95) (layers F.Cu F.Paste F.Mask) (roundrect_rratio 0.25)
      (net 3 "Net-(C2-Pad2)"))
    (pad 1 smd roundrect (at -0.875 0) (size 1.05 0.95) (layers F.Cu F.Paste F.Mask) (roundrect_rratio 0.25)
      (net 2 GND))
    (model ${KISYS3DMOD}/Capacitor_SMD.3dshapes/C_0603_1608Metric.wrl
      (at (xyz 0 0 0))
      (scale (xyz 1 1 1))
      (rotate (xyz 0 0 0))
    )
  )

  (module Capacitor_SMD:C_0603_1608Metric_Pad1.05x0.95mm_HandSolder (layer F.Cu) (tedit 5BF09732) (tstamp 5BFCA6CB)
    (at 137.668 106.934 180)
    (descr "Capacitor SMD 0603 (1608 Metric), square (rectangular) end terminal, IPC_7351 nominal with elongated pad for handsoldering. (Body size source: http://www.tortai-tech.com/upload/download/2011102023233369053.pdf), generated with kicad-footprint-generator")
    (tags "capacitor handsolder")
    (path /5BF7C520)
    (attr smd)
    (fp_text reference C3 (at 2.286 0 270) (layer F.SilkS)
      (effects (font (size 0.5 0.5) (thickness 0.125)))
    )
    (fp_text value 10pF (at 0 1.43 180) (layer F.Fab)
      (effects (font (size 1 1) (thickness 0.15)))
    )
    (fp_line (start -0.8 0.4) (end -0.8 -0.4) (layer F.Fab) (width 0.1))
    (fp_line (start -0.8 -0.4) (end 0.8 -0.4) (layer F.Fab) (width 0.1))
    (fp_line (start 0.8 -0.4) (end 0.8 0.4) (layer F.Fab) (width 0.1))
    (fp_line (start 0.8 0.4) (end -0.8 0.4) (layer F.Fab) (width 0.1))
    (fp_line (start -0.171267 -0.51) (end 0.171267 -0.51) (layer F.SilkS) (width 0.12))
    (fp_line (start -0.171267 0.51) (end 0.171267 0.51) (layer F.SilkS) (width 0.12))
    (fp_line (start -1.65 0.73) (end -1.65 -0.73) (layer F.CrtYd) (width 0.05))
    (fp_line (start -1.65 -0.73) (end 1.65 -0.73) (layer F.CrtYd) (width 0.05))
    (fp_line (start 1.65 -0.73) (end 1.65 0.73) (layer F.CrtYd) (width 0.05))
    (fp_line (start 1.65 0.73) (end -1.65 0.73) (layer F.CrtYd) (width 0.05))
    (fp_text user %R (at 0 0 180) (layer F.Fab)
      (effects (font (size 0.4 0.4) (thickness 0.06)))
    )
    (pad 1 smd roundrect (at -0.875 0 180) (size 1.05 0.95) (layers F.Cu F.Paste F.Mask) (roundrect_rratio 0.25)
      (net 4 "Net-(C3-Pad1)"))
    (pad 2 smd roundrect (at 0.875 0 180) (size 1.05 0.95) (layers F.Cu F.Paste F.Mask) (roundrect_rratio 0.25)
      (net 2 GND))
    (model ${KISYS3DMOD}/Capacitor_SMD.3dshapes/C_0603_1608Metric.wrl
      (at (xyz 0 0 0))
      (scale (xyz 1 1 1))
      (rotate (xyz 0 0 0))
    )
  )

  (module Capacitor_SMD:C_0603_1608Metric_Pad1.05x0.95mm_HandSolder (layer F.Cu) (tedit 5BF09483) (tstamp 5BFCA6DC)
    (at 165.862 92.964)
    (descr "Capacitor SMD 0603 (1608 Metric), square (rectangular) end terminal, IPC_7351 nominal with elongated pad for handsoldering. (Body size source: http://www.tortai-tech.com/upload/download/2011102023233369053.pdf), generated with kicad-footprint-generator")
    (tags "capacitor handsolder")
    (path /5BEEB532)
    (attr smd)
    (fp_text reference C4 (at 2.286 0 90) (layer F.SilkS)
      (effects (font (size 0.5 0.5) (thickness 0.125)))
    )
    (fp_text value 1uF (at 0 1.43) (layer F.Fab)
      (effects (font (size 1 1) (thickness 0.15)))
    )
    (fp_text user %R (at 0 0) (layer F.Fab)
      (effects (font (size 0.4 0.4) (thickness 0.06)))
    )
    (fp_line (start 1.65 0.73) (end -1.65 0.73) (layer F.CrtYd) (width 0.05))
    (fp_line (start 1.65 -0.73) (end 1.65 0.73) (layer F.CrtYd) (width 0.05))
    (fp_line (start -1.65 -0.73) (end 1.65 -0.73) (layer F.CrtYd) (width 0.05))
    (fp_line (start -1.65 0.73) (end -1.65 -0.73) (layer F.CrtYd) (width 0.05))
    (fp_line (start -0.171267 0.51) (end 0.171267 0.51) (layer F.SilkS) (width 0.12))
    (fp_line (start -0.171267 -0.51) (end 0.171267 -0.51) (layer F.SilkS) (width 0.12))
    (fp_line (start 0.8 0.4) (end -0.8 0.4) (layer F.Fab) (width 0.1))
    (fp_line (start 0.8 -0.4) (end 0.8 0.4) (layer F.Fab) (width 0.1))
    (fp_line (start -0.8 -0.4) (end 0.8 -0.4) (layer F.Fab) (width 0.1))
    (fp_line (start -0.8 0.4) (end -0.8 -0.4) (layer F.Fab) (width 0.1))
    (pad 2 smd roundrect (at 0.875 0) (size 1.05 0.95) (layers F.Cu F.Paste F.Mask) (roundrect_rratio 0.25)
      (net 2 GND))
    (pad 1 smd roundrect (at -0.875 0) (size 1.05 0.95) (layers F.Cu F.Paste F.Mask) (roundrect_rratio 0.25)
      (net 5 +1V8))
    (model ${KISYS3DMOD}/Capacitor_SMD.3dshapes/C_0603_1608Metric.wrl
      (at (xyz 0 0 0))
      (scale (xyz 1 1 1))
      (rotate (xyz 0 0 0))
    )
  )

  (module Capacitor_SMD:C_0603_1608Metric_Pad1.05x0.95mm_HandSolder (layer F.Cu) (tedit 5BF08547) (tstamp 5BFCA6ED)
    (at 144.78 112.522 90)
    (descr "Capacitor SMD 0603 (1608 Metric), square (rectangular) end terminal, IPC_7351 nominal with elongated pad for handsoldering. (Body size source: http://www.tortai-tech.com/upload/download/2011102023233369053.pdf), generated with kicad-footprint-generator")
    (tags "capacitor handsolder")
    (path /5BFDBCE5)
    (attr smd)
    (fp_text reference C5 (at -2.1984 -0.0254 180) (layer F.SilkS)
      (effects (font (size 0.5 0.5) (thickness 0.125)))
    )
    (fp_text value 1uF (at 0 1.43 90) (layer F.Fab)
      (effects (font (size 1 1) (thickness 0.15)))
    )
    (fp_line (start -0.8 0.4) (end -0.8 -0.4) (layer F.Fab) (width 0.1))
    (fp_line (start -0.8 -0.4) (end 0.8 -0.4) (layer F.Fab) (width 0.1))
    (fp_line (start 0.8 -0.4) (end 0.8 0.4) (layer F.Fab) (width 0.1))
    (fp_line (start 0.8 0.4) (end -0.8 0.4) (layer F.Fab) (width 0.1))
    (fp_line (start -0.171267 -0.51) (end 0.171267 -0.51) (layer F.SilkS) (width 0.12))
    (fp_line (start -0.171267 0.51) (end 0.171267 0.51) (layer F.SilkS) (width 0.12))
    (fp_line (start -1.65 0.73) (end -1.65 -0.73) (layer F.CrtYd) (width 0.05))
    (fp_line (start -1.65 -0.73) (end 1.65 -0.73) (layer F.CrtYd) (width 0.05))
    (fp_line (start 1.65 -0.73) (end 1.65 0.73) (layer F.CrtYd) (width 0.05))
    (fp_line (start 1.65 0.73) (end -1.65 0.73) (layer F.CrtYd) (width 0.05))
    (fp_text user %R (at 0 0 90) (layer F.Fab)
      (effects (font (size 0.4 0.4) (thickness 0.06)))
    )
    (pad 1 smd roundrect (at -0.875 0 90) (size 1.05 0.95) (layers F.Cu F.Paste F.Mask) (roundrect_rratio 0.25)
      (net 6 "Net-(C5-Pad1)"))
    (pad 2 smd roundrect (at 0.875 0 90) (size 1.05 0.95) (layers F.Cu F.Paste F.Mask) (roundrect_rratio 0.25)
      (net 7 "Net-(C5-Pad2)"))
    (model ${KISYS3DMOD}/Capacitor_SMD.3dshapes/C_0603_1608Metric.wrl
      (at (xyz 0 0 0))
      (scale (xyz 1 1 1))
      (rotate (xyz 0 0 0))
    )
  )

  (module Capacitor_SMD:C_0603_1608Metric_Pad1.05x0.95mm_HandSolder (layer F.Cu) (tedit 5BF096F0) (tstamp 5BFCA6FE)
    (at 141.986 105.918 90)
    (descr "Capacitor SMD 0603 (1608 Metric), square (rectangular) end terminal, IPC_7351 nominal with elongated pad for handsoldering. (Body size source: http://www.tortai-tech.com/upload/download/2011102023233369053.pdf), generated with kicad-footprint-generator")
    (tags "capacitor handsolder")
    (path /5BF2785F)
    (attr smd)
    (fp_text reference C6 (at 2.159 0 180) (layer F.SilkS)
      (effects (font (size 0.5 0.5) (thickness 0.125)))
    )
    (fp_text value 1000pF (at 0 1.43 90) (layer F.Fab)
      (effects (font (size 1 1) (thickness 0.15)))
    )
    (fp_text user %R (at 0 0 90) (layer F.Fab)
      (effects (font (size 0.4 0.4) (thickness 0.06)))
    )
    (fp_line (start 1.65 0.73) (end -1.65 0.73) (layer F.CrtYd) (width 0.05))
    (fp_line (start 1.65 -0.73) (end 1.65 0.73) (layer F.CrtYd) (width 0.05))
    (fp_line (start -1.65 -0.73) (end 1.65 -0.73) (layer F.CrtYd) (width 0.05))
    (fp_line (start -1.65 0.73) (end -1.65 -0.73) (layer F.CrtYd) (width 0.05))
    (fp_line (start -0.171267 0.51) (end 0.171267 0.51) (layer F.SilkS) (width 0.12))
    (fp_line (start -0.171267 -0.51) (end 0.171267 -0.51) (layer F.SilkS) (width 0.12))
    (fp_line (start 0.8 0.4) (end -0.8 0.4) (layer F.Fab) (width 0.1))
    (fp_line (start 0.8 -0.4) (end 0.8 0.4) (layer F.Fab) (width 0.1))
    (fp_line (start -0.8 -0.4) (end 0.8 -0.4) (layer F.Fab) (width 0.1))
    (fp_line (start -0.8 0.4) (end -0.8 -0.4) (layer F.Fab) (width 0.1))
    (pad 2 smd roundrect (at 0.875 0 90) (size 1.05 0.95) (layers F.Cu F.Paste F.Mask) (roundrect_rratio 0.25)
      (net 3 "Net-(C2-Pad2)"))
    (pad 1 smd roundrect (at -0.875 0 90) (size 1.05 0.95) (layers F.Cu F.Paste F.Mask) (roundrect_rratio 0.25)
      (net 4 "Net-(C3-Pad1)"))
    (model ${KISYS3DMOD}/Capacitor_SMD.3dshapes/C_0603_1608Metric.wrl
      (at (xyz 0 0 0))
      (scale (xyz 1 1 1))
      (rotate (xyz 0 0 0))
    )
  )

  (module Capacitor_SMD:C_0603_1608Metric_Pad1.05x0.95mm_HandSolder (layer F.Cu) (tedit 5BF084C1) (tstamp 5BFCA70F)
    (at 152.908 112.49245 270)
    (descr "Capacitor SMD 0603 (1608 Metric), square (rectangular) end terminal, IPC_7351 nominal with elongated pad for handsoldering. (Body size source: http://www.tortai-tech.com/upload/download/2011102023233369053.pdf), generated with kicad-footprint-generator")
    (tags "capacitor handsolder")
    (path /5BFA7217)
    (attr smd)
    (fp_text reference C7 (at 2.22795 0) (layer F.SilkS)
      (effects (font (size 0.5 0.5) (thickness 0.125)))
    )
    (fp_text value 1uF (at 0 1.43 270) (layer F.Fab)
      (effects (font (size 1 1) (thickness 0.15)))
    )
    (fp_text user %R (at 0 0 270) (layer F.Fab)
      (effects (font (size 0.4 0.4) (thickness 0.06)))
    )
    (fp_line (start 1.65 0.73) (end -1.65 0.73) (layer F.CrtYd) (width 0.05))
    (fp_line (start 1.65 -0.73) (end 1.65 0.73) (layer F.CrtYd) (width 0.05))
    (fp_line (start -1.65 -0.73) (end 1.65 -0.73) (layer F.CrtYd) (width 0.05))
    (fp_line (start -1.65 0.73) (end -1.65 -0.73) (layer F.CrtYd) (width 0.05))
    (fp_line (start -0.171267 0.51) (end 0.171267 0.51) (layer F.SilkS) (width 0.12))
    (fp_line (start -0.171267 -0.51) (end 0.171267 -0.51) (layer F.SilkS) (width 0.12))
    (fp_line (start 0.8 0.4) (end -0.8 0.4) (layer F.Fab) (width 0.1))
    (fp_line (start 0.8 -0.4) (end 0.8 0.4) (layer F.Fab) (width 0.1))
    (fp_line (start -0.8 -0.4) (end 0.8 -0.4) (layer F.Fab) (width 0.1))
    (fp_line (start -0.8 0.4) (end -0.8 -0.4) (layer F.Fab) (width 0.1))
    (pad 2 smd roundrect (at 0.875 0 270) (size 1.05 0.95) (layers F.Cu F.Paste F.Mask) (roundrect_rratio 0.25)
      (net 2 GND))
    (pad 1 smd roundrect (at -0.875 0 270) (size 1.05 0.95) (layers F.Cu F.Paste F.Mask) (roundrect_rratio 0.25)
      (net 5 +1V8))
    (model ${KISYS3DMOD}/Capacitor_SMD.3dshapes/C_0603_1608Metric.wrl
      (at (xyz 0 0 0))
      (scale (xyz 1 1 1))
      (rotate (xyz 0 0 0))
    )
  )

  (module Capacitor_SMD:C_0603_1608Metric_Pad1.05x0.95mm_HandSolder (layer F.Cu) (tedit 5BF0861D) (tstamp 5BFCA720)
    (at 146.812 112.522 270)
    (descr "Capacitor SMD 0603 (1608 Metric), square (rectangular) end terminal, IPC_7351 nominal with elongated pad for handsoldering. (Body size source: http://www.tortai-tech.com/upload/download/2011102023233369053.pdf), generated with kicad-footprint-generator")
    (tags "capacitor handsolder")
    (path /5C00E5E9)
    (attr smd)
    (fp_text reference C8 (at 2.1984 0.257146) (layer F.SilkS)
      (effects (font (size 0.5 0.5) (thickness 0.125)))
    )
    (fp_text value 1000pF (at 0 1.43 270) (layer F.Fab)
      (effects (font (size 1 1) (thickness 0.15)))
    )
    (fp_text user %R (at 0 0 270) (layer F.Fab)
      (effects (font (size 0.4 0.4) (thickness 0.06)))
    )
    (fp_line (start 1.65 0.73) (end -1.65 0.73) (layer F.CrtYd) (width 0.05))
    (fp_line (start 1.65 -0.73) (end 1.65 0.73) (layer F.CrtYd) (width 0.05))
    (fp_line (start -1.65 -0.73) (end 1.65 -0.73) (layer F.CrtYd) (width 0.05))
    (fp_line (start -1.65 0.73) (end -1.65 -0.73) (layer F.CrtYd) (width 0.05))
    (fp_line (start -0.171267 0.51) (end 0.171267 0.51) (layer F.SilkS) (width 0.12))
